46 1 0 0 0 0 0 0.5 0 1 0 0 0.5 0.5 0.5 0 0 0 0 0 0 0 0 0 0 0 0 0 0
0 0 0 0 0 0 0 0 0 0 0 0 0 0 1 1 1 1;
46 1 0 0 0 0 0 0.5 0 1 0 0 0.5 0.5 0.5 0 0 0 0 0 0 0 0 0 0 0 0 0 0
0 0 0 0 0 0 0 0 0 0 0 0 0 0 1 1 1 1;
46 1 0 0 0 0 0 0.5 0 1 0 0 0.5 0.5 0.5 0 0 0 0 0 0 0 0 0 0 0 0 0 0
0 0 0 0 0 0 0 0 0 0 0 0 0 0 1 1 1 1;
46 1 0 0 0 0 0 0.5 0 1 0 0 0.5 0.5 0.5 0 0 0 0 0 0 0 0 0 0 0 0 0 0
0 0 0 0 0 0 0 0 0 0 0 0 0 0 1 1 1 1;
46 1 0 0 0 0 0 0.5 0 1 0 0 0.5 0.5 0.5 0 0 0 0 0 0 0 0 0 0 0 0 0 0
0 0 0 0 0 0 0 0 0 0 0 0 0 0 1 1 1 1;
46 1 0 0 0 0 0 0.5 0 1 0 0 0.5 0.5 0.5 0 0 0 0 0 0 0 0 0 0 0 0 0 0
0 0 0 0 0 0 0 0 0 0 0 0 0 0 1 1 1 1;
46 1 0 0 0 0 0 0.5 0 1 0 0 0.5 0.5 0.5 0 0 0 0 0 0 0 0 0 0 0 0 0 0
0 0 0 0 0 0 0 0 0 0 0 0 0 0 1 1 1 1;
46 1 0 0 0 0 1 0.376812 0.507246 0.681159 0.246377 0 0.5 0.5 0.5 0
0 0 0 0 0 0 0 0 0 0.617647 0 0 0 0 0 0 0 0 0 0 0 0 0 0 0 0 0 1 1 1
1;
46 1 0 0 0 0 1 0.376812 0.507246 0.681159 0.246377 0 0.5 0.5 0.5 0
0 0 0 0 0 0 0 0 0 0.617647 0 0 0 0 0 0 0 0 0 0 0 0 0 0 0 0 0 1 1 1
1;
46 1 0 0 0 0.594203 1 0.376812 0.405797 0.492754 0.333333 0 0.5 0.5
0.5 0 0 0 0 0 1 0 0 0 0 0.617647 0 0 0 0 0 0 0 0 0 0 0 0 0 0 0 0 0
1 1 1 1;
46 1 0 0 0 0.594203 1 0.376812 0.405797 0.492754 0.333333 0 0.5 0.5
0.5 0 0 0 0 0 1 0 0 0 0 0.617647 0 0 0 0 0 0 0 0 0 0 0 0 0 0 0 0 0
1 1 1 1;
46 1 0 0 0 0.594203 1 0.376812 0.405797 0.492754 0.333333 0 0.5 0.5
0.5 0 0 0 0 0 1 0 0 0 0 0.617647 0 0 0 0 0 0 0 0 0 0 0 0 0 0 0 0 0
1 1 1 1;
46 1 0 0 0 0.594203 1 0.376812 0.405797 0.492754 0.333333 0 0.5 0.5
0.5 0 0 0 0 0 1 0 0 0 0 0.617647 0 0 0 0 0 0 0 0 0 0 0 0 0 0 0 0 0
1 1 1 1;
46 1 0 0 0 0.594203 1 0.376812 0.405797 0.492754 0.333333 0 0.5 0.5
0.5 0 0 0 0 0 1 0 0 0 0 0.617647 0 0 0 0 0 0 0 0 0 0 0 0 0 0 0 0 0
1 1 1 1;
46 1 0 0 0 0.594203 1 0.376812 0.405797 0.492754 0.333333 0 0.5 0.5
0.5 0 0 0 0 0 1 0 0 0 0 0.617647 0 0 0 0 0 0 0 0 0 0 0 0 0 0 0 0 0
1 1 1 1;
46 1 0 0 0 0.594203 1 0.376812 0.405797 0.492754 0.333333 0 0.5 0.5
0.5 0 0 0 0 0 1 0 0 0 0 0.617647 0 0 0 0 0 0 0 0 0 0 0 0 0 0 0 0 0
1 1 1 1;
