8 0 1 0.5 0 0 1 0 1 8 0 1 0.5 0 0 1 0 1 8 0 1 0.5 0 0 1 0 1 8 0 1 0.5
0 0 1 0 1 8 0 1 0.5 0 0 1 0 1 8 0 1 0.5 0 0 1 0 1 7 0 1 0 1 0 1 0 8
0 1 0.5 0 0 1 0 1;
8 0 1 0.5 0 0 1 0 1 8 0 1 0.5 0 0 1 0 1 8 0 1 0.5 0 0 1 0 1 8 0 1 0.5
0 0 1 0 1 8 0 1 0.5 0 0 1 0 1 8 0 1 0.5 0 0 1 0 1 7 0 1 0 1 0 1 0 8
0 1 0.5 0 0 1 0 1;
8 0 1 0.5 0 0 1 0 1 8 0 1 0.5 0 0 1 0 1 8 0 1 0.5 0 0 1 0 1 8 0 1 0.5
0 0 1 0 1 8 0 1 0.5 0 0 1 0 1 8 0 1 0.5 0 0 1 0 1 7 0 1 0 1 0 1 0 8
0 1 0.5 0 0 1 0 1;
8 0 1 0.5 0 0 1 0 1 8 0 1 0.5 0 0 1 0 1 8 0 1 0.5 0 0 1 0 1 8 0 1 0.5
0 0 1 0 1 8 0 1 0.5 0 0 1 0 1 8 0 1 0.5 0 0 1 0 1 7 0 1 0 1 0 1 0 8
0 1 0.5 0 0 1 0 1;
8 0 1 0.5 0 0 1 0 1 8 0 1 0.5 0 0 1 0 1 8 0 1 0.5 0 0 1 0 1 8 0 1 0.5
0 0 1 0 1 8 0 1 0.5 0 0 1 0 1 8 0 1 0.5 0 0 1 0 1 7 0 1 0 1 0 1 0 8
0 1 0.5 0 0 1 0 1;
8 0 1 0.5 0 0 1 0 1 8 0 1 0.5 0 0 1 0 1 8 0 1 0.5 0 0 1 0 1 8 0 1 0.5
0 0 1 0 1 8 0 0.591837 0.5 0 0 1 0 1 8 0 1 0.5 0 0 1 0 1 7 0 1 0 1
0 1 0 8 0 1 0.5 0 0 1 0 1;
8 0 1 0.5 0 0 1 0 1 8 0 1 0.5 0 0 1 0 1 8 0 1 0.5 0 0 1 0 1 8 0 1 0.5
0 0 1 0 1 8 0 0.591837 0.5 0 0 1 0 1 8 0 1 0.5 0 0 1 0 1 7 0 1 0 1
0 1 0 8 0 1 0.5 0 0 1 0 1;
8 0 1 0.5 0 0 1 0 1 8 0 0.612245 0.647059 1 0 1 0 1 8 0 1 0.5 0 0 1
0 1 8 0 1 0.5 0 0 1 0 1 8 0 0.755102 0.5 1 0 1 0 1 8 0 1 0.5 0 0 1
0 1 7 0 1 0 1 0 1 0 8 0 1 0.5 0 0 1 0 1;
8 0 1 0.5 0 0 1 0 1 8 0 0.612245 0.647059 1 0 1 0 1 8 0 1 0.5 0 0 1
0 1 8 0 1 0.5 0 0 1 0 1 8 0 0.755102 0.5 1 0 1 0 1 8 0 1 0.5 1 0 1
0 1 7 0 1 0 1 0 1 0 8 0 1 0.5 1 0 1 0 1;
8 0 1 0.5 0 0 1 0 1 8 0 0.571429 0.647059 1 0 1 0 1 8 0 0.795918 0.5
1 0 1 0 1 8 0 1 0.5 0 0 1 0 1 8 0 0.673469 0.5 0 0 1 0 1 8 0 1 0.5
1 0 1 0 1 7 0 1 0 1 0 1 0 8 0 1 0.5 0 0 1 0 1;
8 0 1 0.5 0 0 1 0 1 8 0 0.571429 0.647059 0 0 1 0 1 8 0 0.795918 0.5
1 0 1 0 1 8 0 1 0.5 0 0 1 0 1 8 0 0.673469 0.5 0 0 1 0 1 8 0 1 0.5
1 0 1 0 1 7 0 1 0 1 0 1 0 8 0 1 0.5 1 0 1 0 1;
8 0 1 0.5 0 0 1 0 1 8 0 0.571429 0.647059 0 0 1 0 1 8 0 0.510204 0.5
1 0 1 0 1 8 0 1 0.5 0 0 1 0 1 8 0 0.673469 0.5 0 0 1 0 1 8 0 1 0.5
1 0 1 0 1 7 0 1 0 1 0 1 0 8 0 0.877551 0.5 1 0 1 0 1;
8 0 0.755102 0.5 0 0 1 0 1 8 0 0.755102 0.647059 0 0 1 0 1 8 0 0.632653
0.5 0 0 1 0 1 8 0 0.591837 0.5 0 0 1 0 1 8 0 0.836735 0.5 1 0 1 0 1
8 0 0.591837 0.5 1 0 1 0 1 7 0 0.949495 0 1 0 1 0 8 0 0.897959 0.5
1 0 1 0 1;
8 0 0.755102 0.5 0 0 1 0 1 8 0 0.755102 0.647059 0 0 1 0 1 8 0 0.632653
0.5 0 0 1 0 1 8 0 0.591837 0.5 0 0 1 0 1 8 0 0.938776 0.5 1 0 1 0 1
8 0 0.877551 0.5 1 0 1 0 1 7 0 0.949495 0 1 0 1 0 8 0 0.714286 0.5
1 0 1 0 1;
8 0 0.755102 0.5 0 0 1 0 1 8 0 0.755102 0.647059 0 0 1 0 1 8 0 0.632653
0.5 0 0 1 0 1 8 0 0.591837 0.5 0 0 1 0 1 8 0 0.938776 0.5 1 0 1 0 1
8 0 0.877551 0.5 1 0 1 0 1 7 0 0.949495 0 1 0 1 0 8 0 0.714286 0.5
1 0 1 0 1;
8 0 0.755102 0.5 0 0 1 0 1 8 0 0.755102 0.647059 0 0 1 0 1 8 0 0.632653
0.5 0 0 1 0 1 8 0 0.591837 0.5 0 0 1 0 1 8 0 0.795918 0.5 1 0 1 0 1
8 0 0.877551 0.5 1 0 1 0 1 7 0 0.949495 0 1 0 1 0 8 0 0.714286 0.5
1 0 1 0 1;
