9 0 1 0 8 8 0 0 0 0 9 0 1 0 8 8 0 0 0 0 9 0 1 0 8 8 0 0 0 0;
9 4 1 0 8 8 0 0 0 0 9 1 1 0 8 8 0 0 0 0 9 1 1 0 8 8 0 0 0 0;
9 4 1 0 8 8 0 0 0 0 9 2 1 0 8 8 0 0 0 0 9 2 1 0 8 8 0 0 0 0;
9 1 1 0 8 8 0 0 0 0 9 3 1 0 8 8 0 0 0 0 9 2 1 0 8 8 0 0 0 0;
9 1 1 1 16 16 0 0 1 0 9 3 1 1 8 8 0 0 1 0 9 2 1 0 8 8 0 0 0 0;
9 6 1 1 32 32 0 0 0 0 9 1 1 0 8 8 0 0 0 0 9 2 1 1 16 16 0 0 1 0;
9 6 1 1 32 32 0 0 1 0 9 1 1 0 8 8 0 0 0 0 9 2 1 1 16 16 0 0 1 0;
9 6 1 1 32 32 0 0 1 0 9 1 1 0 8 8 0 0 0 0 9 2 1 1 16 16 0 0 1 0;
9 6 1 1 32 32 0 0 1 0 9 6 1 0 8 8 0 0 0 0 9 3 1 1 16 16 0 0 1 0;
9 6 1 1 32 32 0 0 1 0 9 6 1 0 8 8 0 0 0 0 9 3 1 1 16 16 0 0 1 0;
9 6 1 1 32 32 0 0 1 0 9 6 1 0 8 8 0 0 0 0 9 3 1 1 16 16 0 0 1 0;
9 1 1 0 8 8 0 0 0 0 9 7 1 1 8 8 0 0 1 0 9 6 1 1 8 6 2 0 0 0;
9 5 1 0 8 8 0 0 0 0 9 7 1 0 8 8 0 0 1 0 9 6 1 0 8 8 0 0 0 0;
9 1 1 0 8 8 0 0 0 0 9 1 1 1 8 8 0 0 1 0 9 2 1 0 8 8 0 0 0 0;
9 1 1 1 64 64 0 0 1 0 9 1 1 1 16 16 0 0 1 0 9 2 1 1 32 32 0 0 1 0;
9 1 1 1 128 128 0 0 1 0 9 1 1 1 128 128 0 0 1 0 9 2 1 1 128 128 0 0
1 0;
