24 0 1 0 1 1 1 2 1 0.5 3 1 0 4 1 0 5 1 0 6 1 0 7 1 1 24 0 1 0 1 1 1
2 1 0.5 3 1 0 4 1 0 5 1 0 6 1 0 7 1 1 24 0 1 0 1 1 1 2 1 0.5 3 1 0
4 1 0 5 1 0 6 1 0 7 1 1 24 0 1 0 1 1 1 2 1 0.5 3 1 0 4 1 0 5 1 0 6
1 0 7 1 1 21 0 1 0 1 1 1 2 1 0 3 1 1 4 1 0 5 1 0 6 1 0 36 0 1 1 1 1
2 2 1 1 3 1 16 4 1 8 5 1 0 6 1 0 7 1 0 8 1 0 9 1 0 10 1 0 11 1 0 36
0 1 0 1 1 3 2 1 1 3 1 16 4 1 16 5 1 0 6 1 0 7 1 0 8 1 0 9 1 0 10 1
0 11 1 0 36 0 1 0 1 1 4 2 1 1 3 1 16 4 1 16 5 1 0 6 1 0 7 1 0 8 1 0
9 1 0 10 1 0 11 1 0 36 0 1 1 1 1 6 2 1 1 3 1 16 4 1 8 5 1 0 6 1 0 7
1 0 8 1 0 9 1 0 10 1 0 11 1 0;
24 0 1 0 1 1 1 2 1 0.5 3 1 0 4 1 0 5 1 0 6 1 0 7 1 1 24 0 1 0 1 1 1
2 1 0.5 3 1 0 4 1 0 5 1 0 6 1 0 7 1 1 24 0 1 0 1 1 1 2 1 0.5 3 1 0
4 1 0 5 1 0 6 1 0 7 1 1 24 0 1 0 1 1 1 2 1 0.5 3 1 0 4 1 0 5 1 0 6
1 0 7 1 1 21 0 1 0 1 1 1 2 1 0 3 1 1 4 1 0 5 1 0 6 1 0 36 0 1 1 1 1
2 2 1 1 3 1 16 4 1 8 5 1 6 6 1 0 7 1 0 8 1 0 9 1 0 10 1 0 11 1 0 36
0 1 0 1 1 3 2 1 1 3 1 16 4 1 16 5 1 0 6 1 0 7 1 0 8 1 0 9 1 0 10 1
0 11 1 0 36 0 1 0 1 1 4 2 1 1 3 1 16 4 1 16 5 1 0 6 1 0 7 1 0 8 1 0
9 1 0 10 1 0 11 1 0 36 0 1 1 1 1 5 2 1 1 3 1 16 4 1 8 5 1 8 6 1 0 7
1 0 8 1 0 9 1 0 10 1 0 11 1 0;
24 0 1 0 1 1 1 2 1 0.5 3 1 0 4 1 0 5 1 0 6 1 0 7 1 1 24 0 1 0 1 1 1
2 1 0.5 3 1 0 4 1 0 5 1 0 6 1 0 7 1 1 24 0 1 0 1 1 1 2 1 0.5 3 1 0
4 1 0 5 1 0 6 1 0 7 1 1 24 0 1 0 1 1 1 2 1 0.5 3 1 0 4 1 0 5 1 0 6
1 0 7 1 1 21 0 1 0 1 1 1 2 1 0 3 1 1 4 1 0 5 1 0 6 1 0 36 0 1 1 1 1
2 2 1 1 3 1 16 4 1 8 5 1 6 6 1 0 7 1 0 8 1 0 9 1 0 10 1 0 11 1 0 36
0 1 0 1 1 3 2 1 1 3 1 16 4 1 16 5 1 0 6 1 0 7 1 0 8 1 0 9 1 0 10 1
0 11 1 0 36 0 1 1 1 1 6 2 1 1 3 1 16 4 1 16 5 1 0 6 1 0 7 1 0 8 1 0
9 1 0 10 1 0 11 1 0 36 0 1 1 1 1 5 2 1 1 3 1 16 4 1 8 5 1 8 6 1 0 7
1 0 8 1 0 9 1 0 10 1 0 11 1 0;
24 0 1 0 1 1 1 2 1 0.5 3 1 0 4 1 0 5 1 0 6 1 0 7 1 1 24 0 1 0 1 1 1
2 1 0.5 3 1 0 4 1 0 5 1 0 6 1 0 7 1 1 24 0 1 0 1 1 1 2 1 0.5 3 1 0
4 1 0 5 1 0 6 1 0 7 1 1 24 0 1 0 1 1 1 2 1 0.5 3 1 0 4 1 0 5 1 0 6
1 0 7 1 1 21 0 1 0 1 1 1 2 1 0 3 1 1 4 1 0 5 1 0 6 1 0 36 0 1 1 1 1
2 2 1 1 3 1 16 4 1 8 5 1 6 6 1 0 7 1 0 8 1 0 9 1 0 10 1 0 11 1 0 36
0 1 1 1 1 1 2 1 1 3 1 16 4 1 16 5 1 0 6 1 0 7 1 0 8 1 0 9 1 0 10 1
0 11 1 0 36 0 1 1 1 1 6 2 1 1 3 1 16 4 1 16 5 1 0 6 1 0 7 1 1 8 1 0
9 1 0 10 1 0 11 1 1 36 0 1 1 1 1 5 2 1 1 3 1 16 4 1 8 5 1 8 6 1 0 7
1 0 8 1 0 9 1 0 10 1 0 11 1 0;
24 0 1 0 1 1 1 2 1 0.5 3 1 0 4 1 0 5 1 0 6 1 0 7 1 1 24 0 1 0 1 1 1
2 1 0.5 3 1 0 4 1 0 5 1 0 6 1 0 7 1 1 24 0 1 0 1 1 1 2 1 0.5 3 1 0
4 1 0 5 1 0 6 1 0 7 1 1 24 0 1 0 1 1 1 2 1 0.5 3 1 0 4 1 0 5 1 0 6
1 0 7 1 1 21 0 1 0 1 1 1 2 1 0 3 1 1 4 1 0 5 1 0 6 1 0 36 0 1 1 1 1
7 2 1 1 3 1 32 4 1 5 5 1 13 6 1 0 7 1 0 8 1 0 9 1 0 10 1 0 11 1 0 36
0 1 1 1 1 1 2 1 1 3 1 16 4 1 16 5 1 0 6 1 0 7 1 0 8 1 0 9 1 0 10 1
0 11 1 0 36 0 1 1 1 1 2 2 1 1 3 1 16 4 1 16 5 1 0 6 1 0 7 1 1 8 1 0
9 1 0 10 1 0 11 1 1 36 0 1 1 1 1 6 2 1 1 3 1 16 4 1 16 5 1 0 6 1 1
7 1 0 8 1 0 9 1 0 10 1 0 11 1 1;
;
;
;
;
;
;
;
;
;
;
;
;
;
;
;
;
;
;
;
;
;
;
;
;
;
;
;
;
;
;
;
;
;
;
;
;
;
;
;
;
;
;
;
;
;
;
;
;
;
;
;
;
;
;
;
;
;
;
;
